Wall time,Step,Value
1616933358.342744,18,0.3736654818058014
1616933382.33366,42,0.39145907759666443
1616933383.162404,45,0.3665480315685272
1616933390.336284,71,0.35587188601493835
1616933414.883455,94,0.4234875440597534
1616933588.682601,155,0.7153024673461914
1616933589.622424,158,0.7330960631370544
1616933602.330223,167,0.7615658640861511
1616933668.575258,229,0.8505337834358215
1616933679.723573,234,0.8327401876449585
1616933695.165222,255,0.8576512336730957
1616933708.062196,267,0.8647686839103699
1616933709.900891,273,0.8220640420913696
1616933721.179624,308,0.8576512336730957
1616933731.672584,310,0.871886134147644
1616933743.990353,318,0.8790035843849182
1616933753.119315,347,0.8790035843849182
1616933768.634376,367,0.8790035843849182
1616933803.991033,421,0.8825622797012329
1616933815.65797,460,0.8932384252548218
1616933819.789806,474,0.9110320210456848
1616933848.719573,536,0.9074733257293701
1616933856.742156,563,0.9430605173110962
1616933861.568595,579,0.918149471282959
1616933863.655707,586,0.9217081665992737
1616933863.948434,587,0.9288256168365479
1616933873.963727,620,0.9252669215202332
1616933878.123124,634,0.9288256168365479
1616933881.970474,647,0.9252669215202332
1616933886.105284,661,0.9252669215202332
1616933889.090574,671,0.9395017623901367
1616933911.728199,714,0.9288256168365479
1616933914.174686,722,0.935943067073822
1616933916.565723,730,0.918149471282959
1616933945.668351,765,0.9323843121528625
1616933947.150649,769,0.9217081665992737
1616933947.874928,771,0.935943067073822
1616933952.224572,785,0.9288256168365479
1616933952.89622,787,0.9323843121528625
1616933955.061165,794,0.935943067073822
1616933957.660244,802,0.9252669215202332
1616933959.606368,808,0.9537366628646851
1616933968.446862,836,0.9395017623901367
1616934001.765079,945,0.9217081665992737
1616934009.922649,971,0.9074733257293701
1616934010.23724,972,0.9074733257293701
1616934012.124526,978,0.9039145708084106
1616934013.883525,984,0.900355875492096
1616934019.318193,1002,0.9110320210456848
1616934020.207641,1005,0.9110320210456848
1616934022.890546,1014,0.9252669215202332
1616934037.808449,1063,0.9074733257293701
1616934038.843727,1066,0.9252669215202332
1616934042.392581,1078,0.8861209750175476
1616934047.086341,1093,0.8967971801757812
1616934048.940505,1099,0.8825622797012329
1616934050.497169,1104,0.9145907759666443
1616934067.520421,1156,0.8434163928031921
1616934069.033562,1161,0.8861209750175476
1616934069.330103,1162,0.8647686839103699
1616934074.516697,1180,0.8932384252548218
1616934078.140634,1193,0.8825622797012329
1616934093.246635,1244,0.8790035843849182
1616934098.30514,1261,0.871886134147644
1616934122.829193,1316,0.8861209750175476
1616934123.66916,1319,0.9074733257293701
1616934127.630991,1333,0.900355875492096
1616934128.762719,1337,0.900355875492096
1616934142.679211,1385,0.871886134147644
1616934144.917728,1392,0.8612099885940552
1616934151.560517,1414,0.8185053467750549
1616934155.031895,1426,0.8967971801757812
1616934157.799528,1436,0.9110320210456848
1616934166.541158,1466,0.8683273792266846
1616934169.734984,1477,0.8967971801757812
1616934173.961678,1491,0.8896797299385071
1616934182.917811,1523,0.8505337834358215
1616934199.408337,1552,0.854092538356781
1616934203.845609,1568,0.8790035843849182
1616934208.26218,1584,0.8861209750175476
1616934209.357026,1588,0.8861209750175476
1616934214.095249,1605,0.836298942565918
1616934223.865929,1640,0.8434163928031921
1616934235.556497,1682,0.871886134147644
1616934237.999334,1691,0.8505337834358215
1616934241.006073,1702,0.8505337834358215
1616934242.901468,1709,0.8327401876449585
1616934245.338589,1718,0.8469750881195068
1616934249.150622,1732,0.8647686839103699
1616934249.702417,1734,0.8896797299385071
1616934250.542475,1737,0.8896797299385071
1616934262.580819,1781,0.9039145708084106
1616934274.759392,1826,0.9039145708084106
1616934279.605793,1844,0.871886134147644
1616934282.00429,1853,0.8398576378822327
1616934285.483898,1866,0.9074733257293701
1616934286.292001,1869,0.8896797299385071
1616934288.419126,1877,0.9110320210456848
1616934299.261138,1917,0.8861209750175476
1616934303.78282,1934,0.8505337834358215
1616934306.526887,1944,0.8612099885940552
1616934307.363309,1947,0.8398576378822327
1616934322.454666,2001,0.900355875492096
1616934325.740018,2013,0.8505337834358215
1616934331.882066,2036,0.8932384252548218
1616934342.800914,2076,0.8754448294639587
1616934343.07347,2077,0.8967971801757812
1616934345.248072,2085,0.8825622797012329
1616934346.341888,2089,0.8647686839103699
1616934348.261019,2096,0.8896797299385071
1616934362.557718,2149,0.8790035843849182
1616934364.438184,2156,0.8896797299385071
1616934372.765494,2187,0.9145907759666443
1616934373.833821,2191,0.9074733257293701
1616934375.979323,2199,0.8932384252548218
1616934378.272212,2207,0.9110320210456848
1616934379.349552,2211,0.8790035843849182
1616934384.762939,2231,0.8932384252548218
1616934386.108935,2236,0.8790035843849182
1616934386.376682,2237,0.8113878965377808
1616934391.739794,2257,0.836298942565918
1616934393.094428,2262,0.8612099885940552
1616934398.184255,2281,0.836298942565918
1616934402.409933,2297,0.8042704463005066
1616934405.029412,2307,0.8967971801757812
1616934408.170335,2319,0.8612099885940552
1616934414.986597,2345,0.9145907759666443
1616934417.371002,2354,0.8754448294639587
1616934426.71462,2389,0.8967971801757812
1616934426.987286,2390,0.871886134147644
1616934427.518213,2392,0.8042704463005066
1616934439.386368,2436,0.8932384252548218
1616934441.538432,2444,0.8896797299385071
1616934443.964489,2453,0.900355875492096
1616934444.512424,2455,0.900355875492096
1616934445.868011,2460,0.9288256168365479
1616934452.652065,2485,0.8042704463005066
1616934452.915299,2486,0.8790035843849182
1616934455.591324,2496,0.8825622797012329
1616934456.13037,2498,0.8220640420913696
1616934457.473213,2503,0.8505337834358215
1616934461.263104,2517,0.8612099885940552
1616934462.88852,2523,0.8647686839103699
1616934465.305422,2532,0.8612099885940552
1616934469.341189,2547,0.8754448294639587
1616934470.946263,2553,0.8576512336730957
1616934485.991195,2606,0.7366548180580139
1616934508.21532,2685,0.8220640420913696
1616934513.008849,2703,0.77224200963974
1616934523.855819,2740,0.8683273792266846
1616934527.638484,2754,0.836298942565918
1616934536.978494,2789,0.8505337834358215
1616934559.097531,2872,0.7793594598770142
1616934565.462562,2896,0.7508896589279175
1616934584.686358,2967,0.8113878965377808
1616934586.861091,2975,0.8256227970123291
1616934597.03557,3011,0.7651245594024658
1616934604.621731,3038,0.8113878965377808
1616934605.439873,3041,0.8505337834358215
1616934622.136679,3099,0.754448413848877
1616934639.28347,3161,0.9252669215202332
1616934643.837671,3177,0.7793594598770142
1616934648.997462,3195,0.8256227970123291
1616934649.280617,3196,0.8398576378822327
1616934658.998613,3230,0.6227757930755615
1616934661.769671,3240,0.8469750881195068
1616934662.582771,3243,0.7651245594024658
1616934662.857951,3244,0.7010676264762878
1616934663.411197,3246,0.8220640420913696
1616934663.686944,3247,0.8327401876449585
1616934679.53044,3305,0.8327401876449585
1616934690.561955,3345,0.7117437720298767
1616934699.212589,3376,0.77224200963974
1616934707.283819,3403,0.7829181551933289
1616934708.773494,3408,0.854092538356781
1616934715.002046,3430,0.8078292012214661
1616934720.4387,3449,0.8505337834358215
1616934724.75329,3464,0.708185076713562
1616934729.459695,3480,0.7829181551933289
1616934737.687851,3509,0.8505337834358215
1616934738.563895,3512,0.8291814923286438
1616934746.611351,3537,0.8434163928031921
1616934764.480363,3600,0.8042704463005066
1616934769.497214,3618,0.725978672504425
1616934770.062615,3620,0.8398576378822327
1616934770.598332,3622,0.8505337834358215
1616934772.451851,3628,0.8291814923286438
1616934780.78233,3656,0.8398576378822327
1616934784.905604,3670,0.7473309636116028
1616934800.455084,3726,0.7508896589279175
1616934801.54246,3730,0.7651245594024658
1616934804.53409,3741,0.8576512336730957
1616934819.526348,3793,0.7224199175834656
1616934825.598603,3814,0.7366548180580139
1616934827.01251,3819,0.7651245594024658
1616934827.57097,3821,0.8825622797012329
1616934830.427396,3831,0.7935943007469177
1616934839.620099,3864,0.9217081665992737
1616934842.85382,3876,0.836298942565918
1616934857.693926,3928,0.8967971801757812
1616934866.12685,3956,0.8967971801757812
1616934874.366633,3984,0.854092538356781
1616934885.293472,4022,0.854092538356781
1616934888.375592,4033,0.8647686839103699
1616934889.213687,4036,0.77224200963974
1616934905.488408,4093,0.7473309636116028
1616934906.889046,4098,0.8185053467750549
1616934909.977983,4109,0.8469750881195068
1616934930.233547,4182,0.8683273792266846
1616934933.668116,4194,0.8576512336730957
1616934934.263989,4196,0.8683273792266846
1616934935.717796,4201,0.7010676264762878
1616934936.006931,4202,0.918149471282959
1616934942.907763,4227,0.8967971801757812
1616934944.235665,4232,0.8078292012214661
1616934945.056183,4235,0.9217081665992737
1616934947.238805,4243,0.8149465918540955
1616934952.695135,4263,0.7793594598770142
1616934953.508951,4266,0.7864768505096436
1616934957.87105,4282,0.836298942565918
1616934963.963435,4304,0.8291814923286438
1616934967.548181,4317,0.790035605430603
1616934968.098335,4319,0.7758007049560547
1616934982.693448,4369,0.8256227970123291
1616934989.235406,4393,0.7473309636116028
1616934991.120696,4400,0.7793594598770142
1616934992.73917,4406,0.754448413848877
1616934999.255903,4430,0.790035605430603
1616935000.069356,4433,0.7046263217926025
1616935015.989526,4492,0.8185053467750549
1616935020.560338,4509,0.9217081665992737
1616935026.209235,4530,0.836298942565918
1616935040.205754,4578,0.8256227970123291
1616935041.00491,4581,0.77224200963974
1616935053.58455,4628,0.7010676264762878
1616935060.986093,4656,0.8398576378822327
1616935063.097924,4664,0.790035605430603
1616935064.160257,4668,0.8398576378822327
1616935066.286806,4676,0.7188612222671509
1616935076.987569,4713,0.8683273792266846
1616935078.346784,4718,0.7864768505096436
1616935087.159887,4750,0.8327401876449585
1616935089.349664,4758,0.8612099885940552
1616935091.824673,4767,0.6690391302108765
1616935098.250812,4788,0.7366548180580139
1616935101.535828,4800,0.7117437720298767
1616935102.081371,4802,0.9074733257293701
1616935112.51552,4840,0.9145907759666443
1616935115.840862,4852,0.8042704463005066
1616935127.387713,4894,0.8861209750175476
1616935145.74087,4962,0.7935943007469177
1616935148.156959,4971,0.7046263217926025
1616935148.968881,4974,0.8825622797012329
1616935170.202511,5050,0.77224200963974
1616935170.733279,5052,0.8967971801757812
1616935171.00127,5053,0.8967971801757812
1616935186.033464,5106,0.8220640420913696
1616935193.481028,5134,0.9039145708084106
1616935211.359279,5200,0.8896797299385071
1616935222.596769,5239,0.7473309636116028
1616935247.779447,5329,0.836298942565918
1616935252.119145,5345,0.8469750881195068
1616935255.839487,5359,0.8683273792266846
1616935272.160101,5420,0.918149471282959
1616935278.15574,5442,0.7295373678207397
1616935292.356398,5495,0.8113878965377808
1616935297.783525,5515,0.7793594598770142
1616935298.332171,5517,0.854092538356781
1616935306.962918,5549,0.8149465918540955
1616935313.466807,5573,0.9110320210456848
1616935317.301929,5587,0.8576512336730957
1616935328.878084,5630,0.8790035843849182
1616935337.412462,5658,0.9039145708084106
1616935337.945053,5660,0.8113878965377808
1616935339.028877,5664,0.8861209750175476
1616935343.029592,5679,0.8576512336730957
1616935354.039756,5720,0.918149471282959
1616935354.853216,5723,0.8113878965377808
1616935369.252823,5776,0.8861209750175476
1616935377.738933,5807,0.9145907759666443
1616935378.012579,5808,0.8291814923286438
1616935382.639956,5825,0.8967971801757812
1616935383.460336,5828,0.9110320210456848
1616935392.602114,5862,0.8220640420913696
1616935393.138527,5864,0.9145907759666443
1616935395.037086,5871,0.918149471282959
1616935404.74051,5907,0.900355875492096
1616935410.407727,5928,0.9039145708084106
1616935416.840199,5952,0.836298942565918
1616935418.189693,5957,0.9395017623901367
1616935419.80887,5963,0.8683273792266846
1616935427.030749,5990,0.9110320210456848
1616935432.441231,6010,0.9217081665992737
1616935433.808314,6015,0.9252669215202332
1616935437.878241,6030,0.8149465918540955
1616935439.257006,6035,0.8683273792266846
1616935451.117472,6078,0.8932384252548218
1616935458.906345,6103,0.7864768505096436
1616935459.452371,6105,0.8825622797012329
1616935464.019465,6121,0.9110320210456848
1616935466.925281,6131,0.871886134147644
1616935482.769757,6181,0.8220640420913696
1616935488.165024,6200,0.9252669215202332
1616935492.069723,6213,0.8149465918540955
1616935493.733946,6219,0.8505337834358215
1616935497.313408,6232,0.8896797299385071
1616935513.29214,6289,0.8754448294639587
1616935519.583829,6312,0.8291814923286438
1616935521.005252,6317,0.7686832547187805
1616935527.686981,6341,0.8398576378822327
1616935530.700671,6352,0.8861209750175476
1616935533.950552,6363,0.871886134147644
1616935537.577468,6376,0.8825622797012329
1616935544.576013,6400,0.9288256168365479
1616935572.489578,6495,0.9430605173110962
1616935572.774079,6496,0.8932384252548218
1616935573.891123,6500,0.8469750881195068
1616935579.299611,6520,0.7864768505096436
1616935593.899447,6574,0.9430605173110962
1616935596.611536,6584,0.854092538356781
1616935601.88169,6603,0.900355875492096
1616935617.654517,6657,0.8896797299385071
1616935620.26094,6666,0.8505337834358215
1616935622.111961,6672,0.8612099885940552
1616935623.837436,6678,0.8754448294639587
1616935624.756,6681,0.836298942565918
1616935626.800841,6688,0.8683273792266846
1616935629.114298,6696,0.8896797299385071
1616935629.970583,6699,0.7864768505096436
1616935633.256456,6711,0.8790035843849182
1616935640.681565,6738,0.8647686839103699
1616935641.763634,6742,0.871886134147644
1616935644.742385,6753,0.8825622797012329
1616935665.885209,6832,0.8612099885940552
1616935669.591853,6846,0.8469750881195068
1616935671.691598,6854,0.8754448294639587
1616935675.628151,6869,0.9252669215202332
1616935693.228563,6934,0.8896797299385071
1616935701.697403,6963,0.836298942565918
1616935702.56659,6966,0.8790035843849182
1616935710.513742,6992,0.7295373678207397
1616935716.491617,7014,0.935943067073822
1616935737.786063,7091,0.8469750881195068
1616935741.927933,7106,0.9252669215202332
1616935744.274748,7114,0.9110320210456848
1616935750.683457,7137,0.9074733257293701
1616935755.686523,7155,0.8790035843849182
1616935766.452629,7195,0.8327401876449585
1616935772.199257,7216,0.9252669215202332
1616935780.587267,7247,0.871886134147644
1616935794.609246,7300,0.8896797299385071
1616935797.502312,7311,0.9039145708084106
1616935802.297195,7329,0.8612099885940552
1616935805.077542,7339,0.836298942565918
1616935805.35767,7340,0.9039145708084106
1616935810.617446,7359,0.8505337834358215
1616935817.284983,7382,0.8469750881195068
1616935822.677775,7401,0.8612099885940552
1616935834.467259,7440,0.8896797299385071
1616935835.323754,7443,0.7793594598770142
1616935837.306105,7450,0.8932384252548218
1616935840.136127,7460,0.8042704463005066
1616935840.967802,7463,0.8505337834358215
1616935845.155502,7478,0.8896797299385071
1616935854.846605,7511,0.7651245594024658
1616935860.230044,7530,0.8754448294639587
1616935883.231233,7609,0.9039145708084106
1616935892.951916,7644,0.871886134147644
1616935897.775886,7661,0.8149465918540955
1616935902.281406,7676,0.9288256168365479
1616935905.796673,7687,0.8932384252548218
1616935907.567065,7693,0.935943067073822
1616935914.792535,7718,0.8825622797012329
1616935916.200699,7723,0.9501779079437256
1616935917.585462,7728,0.871886134147644
1616935922.816065,7746,0.9323843121528625
1616935925.946297,7757,0.900355875492096
1616935926.782227,7760,0.900355875492096
1616935932.318488,7780,0.854092538356781
1616935935.131333,7788,0.8932384252548218
1616935937.919959,7798,0.8505337834358215
1616935947.579229,7833,0.8861209750175476
1616935948.966529,7838,0.8967971801757812
1616935966.568028,7899,0.9074733257293701
1616935966.849481,7900,0.9217081665992737
1616935976.026453,7932,0.8007117509841919
1616935990.568325,7983,0.8683273792266846
1616935992.910474,7991,0.9074733257293701
1616936002.733478,8026,0.9537366628646851
1616936005.787968,8037,0.918149471282959
1616936009.064973,8049,0.9501779079437256
1616936013.69707,8066,0.9110320210456848
1616936030.406884,8126,0.8612099885940552
1616936045.835907,8180,0.871886134147644
1616936046.902694,8184,0.9537366628646851
1616936050.620423,8198,0.8220640420913696
1616936055.270009,8215,0.935943067073822
1616936056.864968,8221,0.935943067073822
1616936068.149865,8263,0.8754448294639587
1616936072.654292,8279,0.918149471282959
1616936075.797307,8290,0.9395017623901367
1616936080.609971,8307,0.9288256168365479
1616936086.084103,8327,0.8505337834358215
1616936087.447549,8332,0.9074733257293701
1616936087.989609,8334,0.8932384252548218
1616936089.593292,8340,0.9039145708084106
1616936095.011427,8360,0.9252669215202332
1616936095.832139,8363,0.8469750881195068
1616936097.201333,8368,0.7686832547187805
1616936099.656508,8377,0.8754448294639587
1616936125.332264,8467,0.9110320210456848
1616936125.60293,8468,0.8754448294639587
1616936126.15361,8470,0.8469750881195068
1616936133.677161,8498,0.9288256168365479
1616936135.006871,8503,0.9572953581809998
1616936136.338373,8508,0.871886134147644
1616936151.670877,8566,0.8790035843849182
1616936158.598251,8592,0.8932384252548218
1616936161.037622,8601,0.9466192126274109
1616936170.745126,8634,0.871886134147644
1616936171.012119,8635,0.8967971801757812
1616936173.408904,8644,0.9323843121528625
1616936183.606307,8682,0.7971529960632324
1616936185.747896,8690,0.9323843121528625
1616936187.08511,8695,0.8647686839103699
1616936195.611756,8727,0.9110320210456848
1616936208.012588,8774,0.854092538356781
1616936209.065784,8778,0.9252669215202332
1616936215.15206,8801,0.900355875492096
1616936219.932374,8819,0.935943067073822
1616936220.738776,8822,0.8469750881195068
1616936226.32476,8843,0.7580071091651917
1616936229.286694,8854,0.8469750881195068
1616936235.733778,8878,0.900355875492096
1616936237.607387,8885,0.9252669215202332
1616936242.236419,8902,0.8007117509841919
1616936243.74865,8904,0.8647686839103699
1616936244.563748,8907,0.9430605173110962
1616936250.235576,8928,0.8469750881195068
1616936252.105595,8935,0.8825622797012329
1616936258.122136,8958,0.8790035843849182
1616936262.581064,8975,0.8825622797012329
1616936267.312175,8993,0.9466192126274109
1616936268.890599,8999,0.8896797299385071
1616936271.496179,9009,0.8790035843849182
1616936276.541687,9028,0.9252669215202332
1616936283.769882,9055,0.9644128084182739
1616936285.914711,9063,0.935943067073822
1616936291.601669,9084,0.8434163928031921
1616936310.844662,9155,0.9217081665992737
1616936327.119306,9216,0.8683273792266846
1616936329.810591,9226,0.9039145708084106
1616936331.677237,9233,0.900355875492096
1616936338.8888,9260,0.8185053467750549
1616936344.47796,9281,0.8967971801757812
1616936351.483769,9307,0.9110320210456848
1616936353.914627,9316,0.935943067073822
1616936362.569181,9348,0.836298942565918
1616936368.276793,9369,0.8576512336730957
1616936379.767909,9412,0.8256227970123291
1616936380.570761,9415,0.8967971801757812
1616936385.895161,9435,0.8291814923286438
1616936387.741831,9442,0.9288256168365479
1616936395.926033,9468,0.8932384252548218
1616936414.539072,9538,0.8861209750175476
1616936416.950955,9547,0.9288256168365479
1616936418.844412,9554,0.8220640420913696
1616936422.350859,9567,0.9537366628646851
1616936428.314681,9589,0.935943067073822
1616936431.275535,9600,0.9039145708084106
1616936434.242248,9611,0.9466192126274109
1616936438.588803,9627,0.8754448294639587
1616936445.084975,9651,0.8825622797012329
1616936446.707647,9657,0.8647686839103699
1616936452.868444,9680,0.8220640420913696
1616936457.686215,9698,0.9323843121528625
1616936474.080717,9759,0.9466192126274109
1616936476.492424,9768,0.9323843121528625
1616936488.437844,9812,0.9679715037345886
1616936496.108858,9840,0.9395017623901367
1616936496.928189,9843,0.935943067073822
1616936508.660907,9883,0.8967971801757812
1616936515.095537,9907,0.8683273792266846
1616936532.227964,9972,0.8896797299385071
1616936552.804887,10050,0.9217081665992737
1616936554.161491,10055,0.9039145708084106
1616936554.975498,10058,0.9110320210456848
1616936558.752821,10072,0.9145907759666443
1616936561.97868,10084,0.8896797299385071
1616936568.201989,10107,0.9288256168365479
1616936569.826167,10113,0.871886134147644
1616936573.86547,10128,0.9288256168365479
1616936578.182691,10144,0.9074733257293701
1616936585.607953,10168,0.9608541131019592
1616936590.116399,10185,0.8434163928031921
1616936606.025106,10245,0.7829181551933289
1616936608.927008,10256,0.9430605173110962
1616936614.238563,10276,0.8185053467750549
1616936616.096276,10283,0.9501779079437256
1616936617.434964,10288,0.935943067073822
1616936646.261005,10396,0.9217081665992737
1616936647.075019,10399,0.9395017623901367
1616936652.738988,10420,0.9323843121528625
1616936654.080402,10425,0.9644128084182739
1616936665.568356,10468,0.9039145708084106
1616936668.461099,10479,0.9217081665992737
1616936671.154855,10489,0.8505337834358215
1616936672.59122,10493,0.836298942565918
1616936680.251824,10522,0.9074733257293701
1616936683.672666,10531,0.9395017623901367
1616936689.940745,10554,0.871886134147644
1616936690.21236,10555,0.9679715037345886
1616936693.407855,10567,0.900355875492096
1616936701.877378,10598,0.8896797299385071
1616936704.261908,10607,0.9501779079437256
1616936708.770559,10624,0.9395017623901367
1616936710.069187,10629,0.9572953581809998
1616936712.428123,10638,0.9430605173110962
1616936714.509428,10646,0.8612099885940552
1616936716.587336,10654,0.9039145708084106
1616936721.008341,10671,0.8861209750175476
1616936728.829875,10701,0.9466192126274109
1616936731.460057,10711,0.8790035843849182
1616936741.466053,10748,0.9501779079437256
1616936743.873178,10757,0.918149471282959
1616936744.142824,10758,0.9110320210456848
1616936749.996056,10780,0.9110320210456848
1616936751.86255,10787,0.9217081665992737
1616936759.995283,10815,0.9252669215202332
1616936762.825258,10825,0.9466192126274109
1616936764.187662,10830,0.918149471282959
1616936767.260555,10841,0.8647686839103699
1616936769.713001,10850,0.918149471282959
1616936773.496972,10864,0.9395017623901367
1616936783.802375,10902,0.8185053467750549
1616936784.605016,10905,0.8967971801757812
1616936793.669787,10939,0.9323843121528625
1616936794.742247,10943,0.8754448294639587
1616936802.112756,10966,0.9145907759666443
1616936803.704667,10972,0.9074733257293701
1616936804.236207,10974,0.9537366628646851
1616936814.888568,11014,0.9039145708084106
1616936816.504194,11020,0.9501779079437256
1616936817.041284,11022,0.9430605173110962
1616936820.010966,11033,0.9288256168365479
1616936821.361674,11038,0.8967971801757812
1616936825.096546,11052,0.9644128084182739
1616936827.51685,11061,0.9466192126274109
1616936831.816176,11077,0.9644128084182739
1616936838.572239,11102,0.9644128084182739
1616936843.739539,11121,0.9395017623901367
1616936846.194193,11130,0.9501779079437256
1616936851.076212,11148,0.900355875492096
1616936858.31106,11175,0.9323843121528625
1616936864.440995,11198,0.9039145708084106
1616936864.974653,11200,0.9537366628646851
1616936865.244769,11201,0.918149471282959
1616936880.863021,11260,0.8790035843849182
1616936881.6666,11263,0.9217081665992737
1616936884.092593,11272,0.935943067073822
1616936894.763356,11310,0.9430605173110962
1616936908.374681,11361,0.9252669215202332
1616936922.267003,11411,0.9537366628646851
1616936924.437696,11419,0.9608541131019592
1616936934.695205,11455,0.9039145708084106
1616936939.485614,11472,0.9074733257293701
1616936944.920925,11492,0.900355875492096
1616936953.215943,11520,0.9252669215202332
1616936954.043809,11523,0.935943067073822
1616936955.996815,11530,0.9145907759666443
1616936956.546684,11532,0.9537366628646851
1616936961.328415,11549,0.9252669215202332
1616936963.575214,11557,0.9074733257293701
1616936966.505144,11566,0.918149471282959
1616936970.499827,11581,0.9288256168365479
1616936974.79449,11597,0.935943067073822
1616936986.479516,11636,0.9608541131019592
1616936989.688982,11648,0.9644128084182739
1616936992.938529,11660,0.8825622797012329
1616936995.892574,11671,0.9608541131019592
1616936999.606664,11685,0.9572953581809998
1616937000.146992,11687,0.9217081665992737
1616937009.740846,11723,0.9608541131019592
1616937020.608823,11759,0.9395017623901367
1616937027.836871,11786,0.9572953581809998
1616937031.81796,11801,0.935943067073822
1616937039.747485,11831,0.9466192126274109
1616937046.088378,11855,0.9644128084182739
1616937050.896159,11873,0.9039145708084106
1616937060.658513,11906,0.9750889539718628
1616937069.207934,11933,0.9252669215202332
1616937072.93829,11946,0.9501779079437256
1616937073.47883,11948,0.9430605173110962
1616937073.763379,11949,0.9074733257293701
1616937079.332183,11969,0.9786477088928223
1616937080.784097,11974,0.9501779079437256
1616937085.435438,11988,0.9430605173110962
1616937088.296511,11998,0.9252669215202332
1616937089.725599,12003,0.9537366628646851
1616937091.697948,12010,0.9252669215202332
1616937097.006436,12029,0.9217081665992737
1616937100.371484,12041,0.9145907759666443
1616937110.07235,12076,0.9252669215202332
1616937127.718082,12138,0.9110320210456848
1616937131.771496,12153,0.9323843121528625
1616937134.723158,12164,0.9430605173110962
1616937135.80902,12168,0.9501779079437256
1616937140.110505,12184,0.935943067073822
1616937149.137934,12217,0.935943067073822
1616937151.556909,12226,0.9395017623901367
1616937163.30118,12270,0.9608541131019592
1616937168.606889,12290,0.9537366628646851
1616937169.402862,12293,0.9501779079437256
1616937173.634821,12309,0.9074733257293701
1616937177.854387,12325,0.8861209750175476
1616937197.019709,12396,0.9288256168365479
1616937199.498881,12405,0.9715302586555481
1616937208.006543,12436,0.935943067073822
1616937213.372649,12455,0.9679715037345886
1616937214.200577,12458,0.9252669215202332
1616937220.204002,12480,0.9608541131019592
1616937238.446221,12545,0.9679715037345886
1616937240.55424,12553,0.9430605173110962
1616937246.228783,12574,0.9288256168365479
1616937252.221348,12596,0.9288256168365479
1616937260.016372,12625,0.9288256168365479
1616937272.336788,12671,0.9644128084182739
1616937280.163294,12699,0.9715302586555481
1616937296.391863,12758,0.9466192126274109
1616937300.906802,12774,0.9608541131019592
1616937309.8982,12805,0.9288256168365479
1616937318.160338,12834,0.9715302586555481
1616937325.243913,12859,0.9715302586555481
1616937327.000128,12864,0.9537366628646851
1616937330.810446,12877,0.9608541131019592
1616937334.603273,12890,0.9679715037345886
1616937336.371655,12896,0.9572953581809998
1616937348.79441,12938,0.9644128084182739
1616937349.077629,12939,0.9750889539718628
1616937354.584968,12959,0.9537366628646851
1616937370.768907,13017,0.9715302586555481
1616937375.332362,13034,0.9501779079437256
1616937382.628876,13061,0.9679715037345886
1616937382.899789,13062,0.918149471282959
1616937385.090479,13070,0.9572953581809998
1616937388.373613,13082,0.9572953581809998
1616937391.640308,13094,0.9537366628646851
1616937395.725351,13109,0.9679715037345886
1616937396.818471,13113,0.9572953581809998
1616937401.43518,13130,0.9466192126274109
1616937406.397664,13148,0.9572953581809998
1616937411.329645,13166,0.9715302586555481
1616937415.410228,13181,0.9323843121528625
1616937418.09953,13191,0.982206404209137
1616937418.914725,13194,0.9537366628646851
1616937422.162411,13206,0.9466192126274109
1616937422.432035,13207,0.9572953581809998
1616937423.520145,13211,0.9466192126274109
1616937431.16254,13239,0.9074733257293701
1616937438.240636,13265,0.9395017623901367
1616937447.095502,13298,0.9395017623901367
1616937451.126641,13313,0.9715302586555481
1616937460.836028,13349,0.9679715037345886
1616937475.162458,13402,0.9466192126274109
1616937476.244092,13406,0.9323843121528625
1616937481.630463,13426,0.9715302586555481
1616937495.16113,13475,0.9252669215202332
1616937502.795742,13504,0.9644128084182739
1616937514.070154,13546,0.9715302586555481
1616937527.602089,13597,0.9323843121528625
1616937531.727751,13612,0.9715302586555481
1616937533.956351,13620,0.9217081665992737
1616937535.672525,13626,0.9715302586555481
1616937549.365681,13676,0.9715302586555481
1616937550.161652,13679,0.9252669215202332
1616937550.951903,13682,0.9430605173110962
1616937554.415962,13695,0.9537366628646851
1616937561.947757,13722,0.935943067073822
1616937568.682034,13747,0.9430605173110962
1616937570.568134,13754,0.9715302586555481
1616937576.540556,13776,0.9608541131019592
1616937582.641691,13797,0.9679715037345886
1616937586.238335,13810,0.9644128084182739
1616937596.921995,13845,0.9644128084182739
1616937603.740804,13868,0.9679715037345886
1616937604.568267,13871,0.9572953581809998
1616937608.191884,13884,0.9786477088928223
1616937609.377544,13888,0.9537366628646851
1616937623.2193,13937,0.9679715037345886
1616937623.486808,13938,0.9786477088928223
1616937628.707771,13957,0.9466192126274109
1616937629.499733,13960,0.9537366628646851
1616937631.925694,13969,0.9572953581809998
1616937632.1896,13970,0.9750889539718628
1616937633.825548,13976,0.9572953581809998
1616937639.261317,13996,0.9608541131019592
1616937639.837362,13998,0.9715302586555481
1616937663.206875,14080,0.9786477088928223
1616937664.848032,14086,0.9786477088928223
1616937685.074237,14161,0.9750889539718628
1616937692.807789,14189,0.9679715037345886
1616937701.097122,14221,0.9608541131019592
1616937702.640843,14227,0.9644128084182739
1616937708.680497,14250,0.9750889539718628
1616937718.245133,14287,0.9750889539718628
1616937718.499879,14288,0.9430605173110962
1616937720.02085,14294,0.9501779079437256
1616937722.314413,14303,0.9750889539718628
1616937726.755836,14320,0.9679715037345886
1616937729.916253,14332,0.9679715037345886
1616937731.483973,14338,0.9750889539718628
1616937736.779175,14358,0.9750889539718628
1616937737.795628,14362,0.9750889539718628
1616937743.854012,14386,0.9572953581809998
1616937746.729816,14397,0.9644128084182739
1616937759.717165,14447,0.982206404209137
1616937765.997707,14471,0.9501779079437256
1616937771.908371,14494,0.9430605173110962
1616937781.406739,14530,0.9679715037345886
1616937787.59399,14554,0.9715302586555481
1616937788.10317,14556,0.9715302586555481
1616937788.364313,14557,0.9537366628646851
1616937804.240444,14617,0.9715302586555481
1616937808.341853,14632,0.9786477088928223
1616937809.925653,14638,0.9893238544464111
1616937817.893653,14668,0.9572953581809998
1616937820.273314,14677,0.9644128084182739
1616937821.312847,14681,0.9857650995254517
1616937822.851549,14687,0.9679715037345886
1616937826.990722,14703,0.9715302586555481
1616937838.365834,14746,0.9715302586555481
1616937841.590975,14758,0.9679715037345886
1616937847.074421,14779,0.9786477088928223
1616937847.352599,14780,0.9715302586555481
1616937848.383513,14784,0.9715302586555481
1616937849.405377,14788,0.9608541131019592
1616937850.43371,14792,0.9572953581809998
1616937854.785341,14809,0.9679715037345886
1616937856.30644,14815,0.9430605173110962
1616937857.339454,14819,0.9679715037345886
1616937864.322005,14846,0.982206404209137
1616937871.28327,14873,0.9679715037345886
1616937876.108312,14892,0.9608541131019592
1616937884.175487,14924,0.9715302586555481
1616937884.426256,14925,0.9750889539718628
1616937884.674916,14926,0.9715302586555481
1616937890.686866,14950,0.9608541131019592
1616937907.828916,15015,0.9857650995254517
1616937911.032804,15027,0.9893238544464111
1616937928.343288,15090,0.9786477088928223
1616937939.961726,15132,0.9679715037345886
1616937941.06003,15136,0.9537366628646851
1616937953.053289,15180,0.9786477088928223
1616937958.242054,15199,0.9644128084182739
1616937968.351662,15236,0.9644128084182739
1616937976.85934,15266,0.9786477088928223
1616937978.856746,15273,0.9750889539718628
1616937981.709813,15283,0.9679715037345886
1616937986.752904,15301,0.9857650995254517
1616937993.26912,15324,0.9786477088928223
1616937998.038043,15341,0.9644128084182739
1616937999.664328,15347,0.9786477088928223
1616938001.515235,15354,0.9644128084182739
1616938014.835289,15401,0.9644128084182739
1616938016.25883,15406,0.9786477088928223
1616938020.818792,15422,0.9715302586555481
1616938022.434616,15428,0.9786477088928223
1616938025.25836,15438,0.9715302586555481
1616938030.464317,15456,0.9715302586555481
1616938035.190684,15473,0.9644128084182739
1616938035.782476,15475,0.9715302586555481
1616938044.726066,15507,0.9715302586555481
1616938050.558104,15527,0.9679715037345886
1616938053.684626,15538,0.9608541131019592
1616938067.198909,15585,0.9786477088928223
1616938070.628741,15597,0.9644128084182739
1616938073.808191,15608,0.9750889539718628
1616938091.205774,15672,0.9786477088928223
1616938100.027199,15703,0.9679715037345886
1616938109.908875,15740,0.9715302586555481
1616938116.340011,15764,0.9750889539718628
1616938118.779128,15773,0.9750889539718628
1616938120.384586,15779,0.9750889539718628
1616938124.351437,15794,0.9857650995254517
1616938128.987609,15811,0.9679715037345886
1616938132.884968,15825,0.9786477088928223
1616938133.678731,15828,0.9786477088928223
1616938138.971345,15847,0.9715302586555481
1616938144.714521,15866,0.9715302586555481
1616938175.813819,15979,0.9786477088928223
1616938178.092688,15987,0.9786477088928223
1616938179.937423,15993,0.9715302586555481
1616938187.014116,16017,0.9715302586555481
1616938187.294314,16018,0.9750889539718628
1616938198.140836,16056,0.9679715037345886
1616938205.866527,16083,0.9679715037345886
1616938209.330517,16095,0.9893238544464111
1616938215.478448,16116,0.9644128084182739
1616938233.26525,16175,0.982206404209137
1616938236.795085,16188,0.9750889539718628
1616938239.624032,16198,0.9679715037345886
1616938240.773159,16202,0.9679715037345886
1616938247.824515,16227,0.9750889539718628
1616938254.149049,16249,0.9715302586555481
1616938275.100105,16321,0.9750889539718628
1616938281.292011,16343,0.9786477088928223
1616938282.51007,16347,0.9644128084182739
1616938283.085041,16349,0.9750889539718628
1616938283.364481,16350,0.9679715037345886
1616938286.210211,16360,0.9750889539718628
1616938292.010369,16380,0.9679715037345886
1616938299.742231,16406,0.9679715037345886
1616938309.85323,16440,0.9715302586555481
1616938312.483787,16449,0.9715302586555481
1616938328.872168,16505,0.9715302586555481
1616938344.60465,16559,0.9786477088928223
1616938352.188579,16585,0.9750889539718628
1616938353.609734,16590,0.9786477088928223
1616938359.255022,16610,0.9750889539718628
1616938373.604585,16661,0.9750889539718628
1616938374.691036,16665,0.9893238544464111
1616938383.648939,16697,0.9786477088928223
1616938397.519036,16746,0.9715302586555481
1616938403.296965,16766,0.9715302586555481
1616938412.344741,16798,0.9786477088928223
1616938415.176007,16808,0.9857650995254517
1616938415.460115,16809,0.9786477088928223
1616938422.518116,16834,0.982206404209137
1616938423.92835,16839,0.9750889539718628
1616938425.071856,16843,0.9750889539718628
1616938429.088915,16857,0.9786477088928223
1616938441.204873,16899,0.9750889539718628
1616938448.36187,16924,0.9857650995254517
1616938469.480214,16999,0.9644128084182739
1616938487.45105,17066,0.9750889539718628
1616938496.086447,17097,0.9715302586555481
1616938505.682834,17131,0.9679715037345886
1616938505.945782,17132,0.9786477088928223
1616938511.891864,17154,0.9750889539718628
1616938522.901423,17192,0.9786477088928223
1616938524.414706,17197,0.9786477088928223
1616938525.949376,17202,0.9786477088928223
1616938528.759714,17212,0.982206404209137
1616938536.322263,17239,0.9750889539718628
1616938536.609842,17240,0.9786477088928223
1616938538.552688,17247,0.9857650995254517
1616938542.536601,17261,0.9644128084182739
1616938545.812888,17272,0.9750889539718628
1616938550.900655,17290,0.9715302586555481
1616938551.464634,17292,0.9786477088928223
1616938558.330555,17315,0.9679715037345886
1616938558.606204,17316,0.9750889539718628
1616938558.880813,17317,0.982206404209137
1616938559.726882,17320,0.9786477088928223
1616938565.164636,17339,0.982206404209137
1616938575.238995,17374,0.9715302586555481
1616938580.014143,17391,0.9857650995254517
1616938583.676301,17404,0.9679715037345886
1616938583.986256,17405,0.9750889539718628
1616938586.84891,17415,0.982206404209137
1616938589.998426,17426,0.9786477088928223
1616938592.70421,17436,0.9750889539718628
1616938594.82988,17444,0.9857650995254517
1616938597.518293,17454,0.982206404209137
1616938610.974637,17503,0.9679715037345886
1616938613.252095,17511,0.9679715037345886
1616938614.360473,17515,0.9786477088928223
1616938622.346088,17543,0.9750889539718628
1616938626.363369,17557,0.9786477088928223
1616938628.057147,17563,0.9750889539718628
1616938632.043701,17577,0.9750889539718628
1616938632.60878,17579,0.9715302586555481
1616938634.76943,17586,0.9750889539718628
1616938635.840736,17590,0.982206404209137
1616938636.653895,17593,0.9786477088928223
1616938636.929149,17594,0.9786477088928223
1616938638.014729,17598,0.982206404209137
1616938645.061536,17623,0.9644128084182739
1616938647.796032,17633,0.9857650995254517
1616938648.86739,17637,0.982206404209137
1616938653.366252,17653,0.9786477088928223
1616938657.28539,17667,0.9786477088928223
1616938667.735459,17703,0.9715302586555481
1616938668.005607,17704,0.9750889539718628
1616938669.917857,17711,0.9715302586555481
1616938673.090731,17722,0.9750889539718628
1616938681.517248,17752,0.9715302586555481
1616938686.836359,17771,0.9750889539718628
1616938687.106326,17772,0.9715302586555481
1616938688.476445,17777,0.9857650995254517
1616938696.343026,17804,0.9786477088928223
1616938701.389322,17822,0.9786477088928223
1616938706.926627,17842,0.9679715037345886
1616938737.725428,17953,0.9750889539718628
1616938740.245131,17962,0.982206404209137
1616938745.214143,17978,0.9786477088928223
1616938746.023863,17981,0.982206404209137
1616938748.496354,17990,0.9786477088928223
1616938756.464734,18018,0.9857650995254517
1616938765.98956,18052,0.9857650995254517
1616938766.266284,18053,0.982206404209137
1616938768.73728,18062,0.982206404209137
1616938769.558511,18065,0.9750889539718628
1616938780.34276,18104,0.9786477088928223
1616938784.514929,18119,0.982206404209137
1616938787.3542,18129,0.982206404209137
1616938791.521669,18144,0.982206404209137
1616938792.082262,18146,0.9750889539718628
1616938794.286512,18154,0.9750889539718628
1616938798.682519,18170,0.982206404209137
1616938804.185122,18190,0.9786477088928223
1616938810.719273,18214,0.982206404209137
1616938816.695016,18236,0.9786477088928223
1616938824.297161,18264,0.982206404209137
1616938827.565175,18276,0.9786477088928223
1616938840.101134,18318,0.9786477088928223
1616938840.969823,18321,0.9857650995254517
1616938852.673401,18362,0.9750889539718628
1616938855.258333,18370,0.982206404209137
1616938877.979049,18451,0.982206404209137
1616938878.272978,18452,0.9786477088928223
1616938902.308961,18539,0.982206404209137
1616938904.517752,18547,0.982206404209137
1616938917.679534,18591,0.9750889539718628
1616938917.94825,18592,0.9786477088928223
1616938932.314287,18643,0.9857650995254517
1616938935.613449,18652,0.982206404209137
1616938950.800336,18703,0.9786477088928223
1616938953.637793,18713,0.982206404209137
1616938955.641944,18720,0.9786477088928223
1616938957.090565,18725,0.982206404209137
1616938963.951922,18749,0.9786477088928223
1616938974.423158,18786,0.982206404209137
1616938979.324186,18803,0.982206404209137
1616938991.268564,18845,0.9750889539718628
1616939004.824628,18893,0.982206404209137
1616939005.38129,18895,0.982206404209137
1616939015.788616,18933,0.982206404209137
1616939022.515206,18958,0.982206404209137
1616939027.679314,18977,0.982206404209137
1616939029.034356,18982,0.982206404209137
1616939030.422466,18987,0.982206404209137
1616939035.479161,19005,0.982206404209137
1616939036.905764,19010,0.982206404209137
1616939038.329363,19015,0.9857650995254517
1616939041.759377,19027,0.9857650995254517
1616939047.997301,19048,0.9786477088928223
1616939061.163565,19095,0.9857650995254517
1616939067.014312,19116,0.9857650995254517
1616939077.203441,19153,0.982206404209137
1616939081.644032,19169,0.9857650995254517
1616939091.185127,19203,0.9857650995254517
1616939094.253456,19214,0.982206404209137
1616939097.809975,19227,0.9857650995254517
1616939107.888541,19264,0.982206404209137
1616939109.828909,19271,0.9857650995254517
1616939110.931365,19275,0.982206404209137
1616939117.771026,19300,0.982206404209137
1616939124.875625,19326,0.982206404209137
1616939135.682846,19366,0.9857650995254517
1616939146.652438,19407,0.982206404209137
1616939147.456239,19410,0.982206404209137
1616939148.795928,19415,0.982206404209137
1616939162.311297,19465,0.982206404209137
1616939167.802202,19485,0.982206404209137
1616939172.01272,19500,0.982206404209137
1616939172.855493,19503,0.982206404209137
1616939173.420222,19505,0.982206404209137
1616939179.071308,19525,0.982206404209137
1616939180.740218,19531,0.982206404209137
1616939187.241666,19554,0.982206404209137
1616939194.302606,19579,0.982206404209137
1616939194.857433,19581,0.982206404209137
1616939198.42389,19594,0.982206404209137
1616939204.510149,19615,0.982206404209137
1616939209.741528,19634,0.982206404209137
1616939211.40693,19640,0.982206404209137
1616939215.355006,19654,0.982206404209137
1616939218.499021,19665,0.982206404209137
1616939221.071772,19674,0.982206404209137
1616939222.165554,19678,0.982206404209137
1616939234.020557,19720,0.982206404209137
1616939236.010469,19727,0.982206404209137
1616939237.172298,19731,0.982206404209137
1616939238.747937,19736,0.982206404209137
1616939239.042312,19737,0.982206404209137
1616939251.292654,19777,0.982206404209137
1616939257.379426,19796,0.982206404209137
1616939265.682873,19823,0.982206404209137
1616939272.197284,19846,0.982206404209137
1616939280.932221,19875,0.982206404209137
1616939293.112676,19916,0.982206404209137
1616939296.0119,19926,0.982206404209137
1616939299.47905,19938,0.982206404209137
1616939304.38474,19955,0.982206404209137
1616939308.938386,19971,0.982206404209137
1616939311.227851,19979,0.982206404209137
1616939313.875384,19988,0.982206404209137
1616939316.130783,19995,0.982206404209137
1616939317.279228,19999,0.982206404209137
